var geometry = /* color: #d63000 */ee.Geometry.Polygon(
        [[[75.16908710817623, 11.986732395664117],
          [75.22951191286373, 11.984045687505462],
          [75.39156025270748, 11.801287090630343],
          [75.48769062380123, 11.715240763338562],
          [75.53163593630123, 11.642618317270136],
          [75.60854023317623, 11.44348210287764],
          [75.67995136598873, 11.403099489441253],
          [75.80080097536373, 11.136431149306066],
          [75.86671894411373, 10.812869469043164],
          [76.13256236288113, 10.215064585090005],
          [76.27538462850613, 9.535891559626947],
          [76.52617439655917, 8.89778948749628],
          [76.96837410359042, 8.360124017722466],
          [77.12218269734042, 8.273157674983736],
          [77.28423103718417, 8.455221241420364],
          [77.30620369343417, 8.512268332551944],
          [77.28148445515292, 8.591033663571796],
          [77.24577888874667, 8.688788546434928],
          [77.24303230671542, 8.745800478429173],
          [77.29521736530917, 8.827230945129111],
          [77.271732910387, 8.903265999776503],
          [77.2113081056995, 9.011789374850263],
          [77.260746582262, 9.090448464606036],
          [77.293705566637, 9.188070182597084],
          [77.3101850588245, 9.274822471744455],
          [77.337650879137, 9.339872625725693],
          [77.38983593773075, 9.413039528340672],
          [77.42828808616825, 9.491608948589676],
          [77.3980756838245, 9.578285333769447],
          [77.3651166994495, 9.613491307385292],
          [77.24701367210575, 9.635154701705051],
          [77.2332807619495, 9.675769815956441],
          [77.25800000023075, 9.77051929433201],
          [77.2552534181995, 9.895006118105337],
          [77.28546582054325, 9.938294856703424],
          [77.28546582054325, 10.030264371434336],
          [77.2442670900745, 10.092464255379184],
          [77.2882124025745, 10.100576399344487],
          [77.31842480491825, 10.127615400720492],
          [77.30743847679325, 10.238451415450905],
          [77.23053417991825, 10.39247610048223],
          [77.17010937523075, 10.384371420944374],
          [76.97235546898075, 10.257370779563258],
          [76.85150585960575, 10.378968184524872],
          [76.87347851585575, 10.589624790475435],
          [76.95587597679325, 10.810928226636294],
          [76.7059370119495, 10.956575760328402],
          [76.82655765312961, 11.009206212845356],
          [76.71944095391086, 11.26252370248013],
          [76.51619388359836, 11.24097337562494],
          [76.61232425469211, 11.351401707790536],
          [76.28822757500461, 11.534456785810187],
          [76.46400882500461, 11.607107437201542],
          [76.44752933281711, 11.738906521623138],
          [76.17287112969211, 11.90289486613181],
          [76.12068607109836, 11.999628560340529],
          [76.01631595391086, 11.95395306839666],
          [75.88722659844211, 11.978135173406269],
          [75.80757571953586, 12.099013139170426],
          [75.61806155937961, 12.192991583906418],
          [75.30769778984836, 12.573931468506254],
          [75.08247806328586, 12.734723378198494],
          [74.99733402031711, 12.801689997445349],
          [74.84627200859836, 12.780262609615885]]]);
